  3D Wing Analysis
----------------------

--- Flight Conditions ---
  Altitude:            1000.0000 m
  Freestream velocity: 45.0000 m/s
  Air density:         1.1116 kg/m^3

--- Wing Geometry ---
  Wing area:           14.8600 m^2
  Taper ratio:         0.9500
  Aspect ratio:        5.6300
  Tip twist:           -3.0000 deg
  Span:                9.1467 m
  Root chord:          1.6663 m
  Tip chord:           1.5830 m

--- Flight Mode ---
  Mode:                2

--- Results ---
  AoA(deg)   N          CL         CD        
  --------   --         --         --        
  -20.0      50         -0.6157    0.2949    
  -19.0      50         -0.6264    0.2668    
  -18.0      50         -0.7266    0.2253    
  -17.0      50         -0.7515    0.1898    
  -16.0      50         -0.8345    0.1505    
  -15.0      50         -0.9120    0.1162    
  -14.0      50         -0.9574    0.0849    
  -13.0      50         -0.8882    0.0597    
  -12.0      50         -0.8121    0.0389    
  -11.0      50         -0.7356    0.0243    
  -10.0      50         -0.6585    0.0193    
  -9.0       50         -0.5815    0.0150    
  -8.0       50         -0.5045    0.0114    
  -7.0       50         -0.4276    0.0085    
  -6.0       50         -0.3508    0.0063    
  -5.0       50         -0.2744    0.0050    
  -4.0       50         -0.1980    0.0043    
  -3.0       50         -0.1215    0.0043    
  -2.0       50         -0.0447    0.0049    
  -1.0       50         0.0321     0.0058    
  0.0        50         0.1087     0.0075    
  1.0        50         0.1852     0.0102    
  2.0        50         0.2616     0.0138    
  3.0        50         0.3382     0.0181    
  4.0        50         0.4148     0.0232    
  5.0        50         0.4912     0.0290    
  6.0        50         0.5676     0.0357    
  7.0        50         0.6441     0.0438    
  8.0        50         0.7206     0.0525    
  9.0        50         0.7971     0.0618    
  10.0       50         0.8736     0.0718    
  11.0       50         0.9501     0.0824    
  12.0       50         1.0267     0.0938    
  13.0       50         1.1033     0.1060    
  14.0       50         1.1799     0.1195    
  15.0       50         1.2473     0.1364    
  16.0       50         1.2953     0.1587    
  17.0       50         1.3348     0.1835    
  18.0       50         1.3691     0.2116    
  19.0       50         1.3997     0.2460    
  20.0       50         1.3765     0.2782    
  21.0       50         1.3981     0.3151    
  22.0       50         1.3672     0.3475    
  23.0       50         1.2260     0.3774    
  24.0       50         1.2562     0.4087    
  25.0       50         1.2264     0.4394    
  26.0       50         1.1470     0.4693    
  27.0       50         1.1233     0.4979    
  28.0       50         1.1043     0.5269    
  29.0       50         1.0860     0.5551    
  30.0       50         1.0714     0.5830    
